[app/ui]
version = 7.1.0
modtime = 1525985011.235730000

[app/launcher]
version = 7.1.0
modtime = 1525985011.236754000

[collections/hotness-1526147235]
owner = admin
version = 7.1.0
modtime = 1526147235.256199000
